1.30591809830459	1.70228773769522	50.0
2.80327137643278	1.41193592373507	50.0
0.525940489556233	-1.04916618589346	-50.0
1.92949955846041	1.63025710954742	50.0
2.41331317945495	-0.958223340995485	-50.0
1.80637677229008	-1.31005922012446	-50.0
2.36799137273381	0.0944116649796316	50.0
2.9723948826924	-1.38529992326497	50.0
3.17057810921532	-1.31139746694304	50.0
0.943043023499122	-1.87500069832866	-50.0
3.00615940902222	-0.332719518938624	50.0
1.64525149197743	1.21390780019012	-50.0
0.234393263496851	0.728364334111767	-50.0
1.0776125612658	-0.740704223180666	-50.0
1.96325360168671	1.27803151071152	50.0
1.77581750343418	-0.719465238391017	-50.0
2.81431655465063	0.149550903425799	50.0
0.605790187279013	1.01864396161655	-50.0
1.6845726345307	1.01246366957095	-50.0
0.719103996379545	0.63885056841311	-50.0
0.479566528137196	1.0594430821926	-50.0
0.186764721618691	-0.828063335693265	-50.0
2.8176622491751	1.21755094471123	50.0
2.87657465532339	1.26718901615503	50.0
3.52238441622147	-0.609586879384608	50.0
1.92027663866419	0.674654739303424	-50.0
0.524211167731002	-1.41472128580175	-50.0
3.33003388336078	-0.413595603312614	50.0
3.29708760911208	-1.86600830286593	50.0
3.85210256359204	-1.53616580923074	50.0
2.85599750559448	1.78018387179076	50.0
3.31861371505268	-0.397708218561059	50.0
3.10926198556231	-0.11105656600951	50.0
1.35633797878909	-1.02030735456773	50.0
0.747926870358708	-1.40220162078806	-50.0
2.14993154367963	-1.9222107510631	50.0
0.376300982414763	1.37291396610005	-50.0
2.42166669693404	-0.406474238480933	50.0
2.89920463084628	-1.82480056440611	50.0
2.17283243281438	0.127534007943309	-50.0
0.388770915704445	1.89162251424563	-50.0
0.221911633110605	0.670803039571508	-50.0
1.67312233538286	-0.563509251491247	-50.0
1.08959899374221	-0.804779458258333	-50.0
1.15851041622593	-0.983867765952836	-50.0
1.26967104520808	0.951541822111784	50.0
0.961719906860345	0.041013653891014	-50.0
2.46834671722609	-0.93128895472824	-50.0
3.60572545332598	-1.65139299844668	50.0
2.00438274542962	-1.83671271449927	-50.0
2.15545797602611	-0.513140405162702	-50.0
0.78496228033484	-1.00237111435739	-50.0
2.29165039937658	-1.69165305292573	50.0
0.876870552143886	1.32225599975652	-50.0
2.88736551714084	1.02154007216388	50.0
1.34388537986557	0.854569062823185	50.0
0.918380270961365	-0.799032424039304	-50.0
1.31708462695596	-1.19374857026563	-50.0
1.13897255229732	-1.70800284003164	-50.0
1.71935001853309	1.35621732156396	-50.0
1.45200567542017	1.65894324457033	-50.0
2.67377927889838	0.253958194975764	50.0
0.757744250838816	-0.0391499533740431	-50.0
3.73929492863526	0.704357995030639	50.0
3.44173016051027	1.84783632271445	50.0
1.76474168176677	1.11553821750174	-50.0
2.40189174818583	0.602386555496098	-50.0
0.336008717906917	-0.560646871899984	-50.0
1.87584625134091	-0.628965009997466	-50.0
0.252286088512226	-0.386987288390646	-50.0
3.35129819980599	-0.169769646655713	50.0
3.18472077826673	-0.47741822755347	50.0
2.24991331060526	-0.378586094691956	50.0
2.95268819747826	1.13772540471484	50.0
2.61232850607948	1.8948991995506	50.0
3.88382476891526	-0.204062752708668	50.0
3.87434204266711	1.34900628715434	50.0
0.237174717783166	-0.297303319528435	-50.0
3.78844244048354	1.20526791912058	50.0
1.25311366398216	-1.06867458741706	50.0
0.787609731925016	-0.440095695117197	-50.0
1.04506403205611	-0.00814128928947033	-50.0
1.66815899242456	1.14996769127301	-50.0
2.26977675508387	0.531284090813085	-50.0
0.599445000873021	-0.300946382292892	-50.0
1.68757446599817	-1.03563215228125	-50.0
1.38982882997656	0.416001009398395	50.0
2.0255128387976	1.24337727331038	-50.0
1.01580728609411	-0.540116974663095	-50.0
1.87550406563932	0.943305336657141	-50.0
2.65646476871988	-1.53906677132619	50.0
0.48156837872877	0.627172320923909	-50.0
2.72198224974	0.652623495619686	-50.0
1.87977283097147	1.73913531416009	-50.0
2.51798225599177	-1.85689837883139	50.0
0.166768194353628	-1.74267097719755	-50.0
3.06028566541588	0.348948289350139	50.0
1.69996220223949	1.23727779134507	-50.0
3.25665724502079	-0.21655027576215	50.0
3.87832091921097	0.251299248638885	50.0
3.71332314036613	-0.764147099610227	50.0
3.35635500333458	0.0326403211504429	50.0
3.88209121424016	-0.656185734272602	50.0
1.70997652405294	1.39723812138336	-50.0
1.96343849387396	1.91828553971108	50.0
2.45344443805963	-0.742799795258338	-50.0
2.8554045442549	-1.31934760570836	50.0
0.908160876826994	-1.31425867908875	-50.0
1.3314099690642	0.484987697369775	50.0
0.339826362945004	-1.15085397179918	-50.0
2.60609078047986	-1.02835023523899	50.0
0.746499413709493	-0.931658776802219	-50.0
1.11050424703084	0.961323103209527	-50.0
0.579628508666726	-0.169871555614209	-50.0
2.37222097649169	1.33539002302997	50.0
3.4357572198739	0.846722902839595	50.0
3.36080767062108	-1.40988252894881	50.0
0.616685956101126	-0.922600749506849	-50.0
1.09001133600707	-1.42566737172754	-50.0
3.42457121826209	0.319201545447055	50.0
3.72322910810906	-0.00971814027317586	50.0
2.84450740034855	-1.70977025564155	50.0
0.274290173061321	1.67776268793607	-50.0
0.124161143080556	-0.432909817711467	-50.0
1.90227891324798	-0.839735319687915	50.0
3.38431022834225	-0.171013565163632	50.0
0.878211852505046	1.30291262086744	-50.0
0.108664313159726	1.37657992325678	-50.0
1.90599693511922	0.897918306589036	50.0
2.26772258077947	-1.83304148359172	-50.0
3.46045138440221	-0.240235186049854	50.0
2.85366408565502	-1.69139683529355	50.0
3.72754094892476	1.10552520845692	50.0
3.75995335248663	-0.494001008977697	50.0
2.29823614678792	-1.87439449699833	50.0
1.96807259790451	-1.17388565767699	50.0
1.50350801789618	-0.529663893071544	50.0
2.16913936215081	1.04285062099559	-50.0
3.52412187394514	-1.85996626283747	50.0
2.36116690383574	-1.88639725162322	-50.0
0.278952704621245	-0.464128042099742	-50.0
2.71167763154144	0.0711931109069728	-50.0
3.69659697794228	1.78036187360033	50.0
3.2408621038049	-0.337615426884791	50.0
0.405327361957237	-1.93958084539537	-50.0
2.18685610667071	0.434823251644261	-50.0
3.41889200058936	-0.561114277546402	50.0
3.36171246777977	-0.187124526916865	50.0
3.0112452913348	1.29015636734381	50.0
1.96935859993817	0.251643194380003	50.0
1.0415274903136	1.65569832243066	-50.0
1.89960037757242	0.56572627479779	50.0
3.68078268899499	-0.593208092353041	50.0
1.47150910343747	1.00702273867549	50.0
0.611819400299886	0.223777092073906	-50.0
1.53179797137519	-0.198695066807658	50.0
1.8964421179636	-1.24863641598576	-50.0
1.45714901957136	1.29639698046808	50.0
0.150452596911416	0.587140872257226	-50.0
3.88249474058874	-0.901811953330875	50.0
2.67480166965573	-1.56061760874444	50.0
3.08071743387811	-1.92192558329348	50.0
2.45866946567785	-0.873405484968536	-50.0
1.6714282636652	1.88740491440208	-50.0
3.42635186358073	1.69646950065701	50.0
1.26480517725543	-0.394102559390415	50.0
2.26240953438679	-1.47832441430648	-50.0
1.09267189778431	1.3834538956482	-50.0
0.786701914301733	1.73981493334052	-50.0
3.48394182548073	0.785806237100938	50.0
1.72980537991622	0.476813051281291	-50.0
3.74422181601889	-0.2168578332991	50.0
3.91838298722302	1.31866616629264	50.0
1.97944584863922	1.62322446592325	50.0
0.867804949535561	-0.0510163470849798	-50.0
2.41468873084068	0.224110663081173	-50.0
3.46085546265731	0.94462656695038	50.0
1.35180153468654	-1.7802231327904	50.0
1.4644651881037	1.0132963011157	50.0
3.82209569313088	1.05758983908236	50.0
1.20005719879314	-0.535933782630608	-50.0
2.93151614376248	-1.07220918408041	50.0
3.58912424377766	-1.88494319759124	50.0
3.10570543455948	0.499306891709955	50.0
1.93272915590743	-1.94618887012905	50.0
0.383032002834346	-0.161603284834971	-50.0
2.37997118762282	-0.322708999127684	50.0
2.80420137724447	0.758952372179594	50.0
2.47735585390282	-0.354774144734995	-50.0
1.48958065214693	-1.89946688729759	50.0
3.81598052091693	-1.40254170912175	50.0
0.946501099222414	-0.726272509285961	-50.0
3.52650793238991	-1.50826216709439	50.0
0.716353510620834	-1.74531199233676	-50.0
3.20530713378066	1.24875884422492	50.0
1.4396485463301	1.93870878882314	-50.0
1.17104628094879	-0.0615977733987687	-50.0
3.11543752158088	-1.32318767212149	50.0
3.45408573094384	1.03321879386059	50.0
2.00206069462374	0.39138348905095	50.0
0.343694388268948	-1.10863311454037	-50.0
0.745725054704857	-1.76194638362773	-50.0
2.18360268902257	1.75160117775499	-50.0
1.2218611673205	-0.0839867655877618	-50.0
1.0692913293323	-0.701296659577212	-50.0
2.46119594501138	0.92200763910206	-50.0
3.91679866513222	-1.87266061650762	50.0
3.59156392527742	0.913316103349891	50.0
0.750069709286609	1.72563867000334	-50.0
1.01690000243966	1.70036381750949	-50.0
1.41061206059498	-0.987382933975445	-50.0
2.48148313164515	1.65737143353048	-50.0
2.55196590033157	1.86881016067161	50.0
3.1882521851178	-0.0680889687713642	50.0
2.35843000924176	1.20790039503325	-50.0
1.58156640048434	0.619896333963647	-50.0
2.44860688043271	0.18330259260826	-50.0
0.879790882439749	0.119264885048634	-50.0
2.33269545158064	-1.04033147963637	-50.0
3.94476105638872	-0.721953713501968	50.0
0.88022379587707	-0.928295119222546	-50.0
3.24269074296497	1.47119078807903	50.0
2.56225806710307	1.60347928384351	50.0
2.27454614189911	0.278660950482779	-50.0
2.93621821270518	-1.50445326813462	50.0
1.44684554522703	-0.0524549155519976	-50.0
0.537593762584645	0.917000965449218	-50.0
2.19590675845578	-1.4454595275422	-50.0
0.326867467255853	-1.54118722832331	-50.0
0.364997078392891	-0.545073289471336	-50.0
1.80720516559889	-0.659841068936799	-50.0
0.675125854759032	1.4598128036393	-50.0
2.31169476035959	1.92994279618388	-50.0
1.12702391131457	-1.05464330439137	-50.0
2.04643463994496	-0.210918633758596	-50.0
2.35380484794586	1.3199220709413	-50.0
1.63063174117594	1.17142589800368	50.0
1.20161995298786	-1.40071305371335	-50.0
2.93370273430127	-1.71279885265127	50.0
2.79415339250565	0.390329158957243	50.0
0.229341000942025	1.68457091584386	-50.0
3.85357723805146	0.0415907805927385	50.0
0.652389018488987	-1.31410097825228	-50.0
0.540587524665382	-0.184744608688148	-50.0
2.16087271730417	1.24825965773992	-50.0
3.34733826961122	-0.769977037260386	50.0
3.44033756929855	0.0243754895484645	50.0
2.30658519963115	-1.42791980298738	50.0
3.67083996397555	-1.92244365228017	50.0
0.870797553231887	-1.27211910216096	-50.0
3.84865033248516	0.447603879298687	50.0
1.96836570663041	0.182272157188438	50.0
2.78724737099902	-1.45064018059364	50.0
1.48229463983752	-0.840142500232023	50.0
3.51276435800826	-1.32017074799753	50.0
1.68233932874574	0.785334248320009	-50.0
1.60547001337542	1.2982931107033	50.0
3.4051903646916	0.770991220034249	50.0
1.308666126224	1.36376500937879	50.0
3.45702718740492	-0.975359001077815	50.0
3.7183695767311	-1.87358487178903	50.0
0.629646353888889	-1.30724820506623	-50.0
0.107961184040935	0.00351309363411323	-50.0
3.46548385159665	-0.83783944838787	50.0
1.15079290466244	-0.0914832988205583	-50.0
0.474315003996274	0.711990781780874	-50.0
3.49944281866833	1.64109766896029	50.0
3.80903299536302	1.41913934966606	50.0
3.55479787266076	-0.0409229327769276	50.0
0.989430195439429	-0.489811399635921	-50.0
0.811491036611689	-0.649543179424057	-50.0
2.11196506375002	1.12707730544049	-50.0
2.42218635804903	-1.69431669744696	50.0
2.70813482553281	-1.74408329048455	-50.0
1.08862213485435	1.90769852399046	-50.0
3.21004178424533	-0.977854063337409	50.0
1.67019726732852	-1.25260099990606	-50.0
2.83105410750908	1.42696444291303	-50.0
1.43376442868943	-0.79589666479961	-50.0
0.950651857437246	1.61799267802485	-50.0
1.47990124045967	-0.0348692994228859	50.0
0.968006857090986	0.768194560585545	-50.0
3.21650681451515	0.219552749306295	50.0
1.09483779354051	-1.0534054523405	-50.0
1.10848319410553	0.46579539497515	-50.0
0.443493007502984	-0.726244230639387	-50.0
1.16186548921879	-0.104019984814464	-50.0
0.35265438275653	1.09694191619893	-50.0
1.18701150354231	1.69758288797423	-50.0
3.62606248716534	0.293948644644621	50.0
3.87563364380594	-0.930976516870604	50.0
1.55232581050696	1.10110434933672	-50.0
3.84749070474247	0.626401285414411	50.0
0.453396913464838	1.09432277602562	-50.0
2.17046230213228	0.940809177525897	-50.0
3.90110771014188	-1.24780793979071	50.0
0.514339298745947	0.184034214532814	-50.0
0.890305966609096	0.334740004557606	-50.0
3.45474896300095	0.565650433057791	50.0
2.15444889412203	-1.09093051071619	-50.0
1.25652110434299	-0.517804174078929	50.0
3.2901229335922	1.2700381387841	50.0
2.30775706300055	-1.91375354995855	-50.0
1.76223027208146	0.583850331096371	50.0
0.30127230628479	0.835327628346889	-50.0
2.30873733668638	-1.56774876127411	-50.0
2.27189214053557	-1.34907102126817	-50.0
1.85025821030854	0.881624212744656	-50.0
1.42655865228026	-0.789757529039352	-50.0
0.2465244470693	0.161749235102231	-50.0
0.940961368755638	1.83549674035376	-50.0
0.282384406119283	0.0606718490835638	-50.0
0.113401806674259	1.05838833714482	-50.0
0.69788825135672	1.62293504980567	-50.0
1.53958342770486	-0.03872745653363	50.0
3.56181860944142	-0.969703296489511	50.0
2.388076517774	1.23762575387734	-50.0
0.536603803068226	0.139198141918985	-50.0
3.25960533520369	0.55242079368625	50.0
2.32098485702741	0.69403253024029	-50.0
3.82032864402919	-1.73733684768934	50.0
3.64345828539966	-0.786665455414699	50.0
2.36681355324349	-1.18706190463818	-50.0
2.45666436413165	0.531769514442147	-50.0
1.13625765255966	-0.178867224177026	-50.0
3.05451201602008	1.21973451527346	50.0
0.595470605010124	-0.264251346410369	-50.0
3.76949967760488	-0.175942182830595	50.0
0.425107818428463	0.480786941197702	-50.0
3.26215539459885	0.581692863756413	50.0
0.661332171560149	-0.558377649585867	-50.0
1.93960008449219	0.24069393041607	50.0
0.800821720071054	1.06974648288606	-50.0
2.2929871752005	1.92913698457643	50.0
3.91683823719423	1.71242438372208	50.0
0.538533547385937	-0.291924005713757	-50.0
0.915014032347297	1.52431604646281	-50.0
2.16656711857354	-1.54504438431178	-50.0
1.07287882884793	1.52126162615025	-50.0
1.09496486107434	1.3627374618347	-50.0
0.992919802152179	0.863214615167513	-50.0
0.691245113994683	-1.66637037126247	-50.0
2.32122905178892	-0.60465578241614	-50.0
3.7007395636007	-1.79011888261718	50.0
3.52294174580952	-0.655175912307042	50.0
3.89753295653579	-0.970789419103909	50.0
0.235225579063856	1.43959054085871	-50.0
2.42921558776882	-0.0767108005210755	50.0
1.61557190758592	1.79508794502171	-50.0
0.224546870345096	-0.476510772299919	-50.0
2.79746394146793	-1.13136479782583	50.0
2.15456398430152	-0.546122096190942	-50.0
2.84570267083882	-1.92293846358379	50.0
2.56236201689728	-1.45760772057473	50.0
3.08198592481804	0.145707364811951	50.0
2.38371478847381	-1.48468325291535	-50.0
2.45554719039296	-0.0416775510470639	-50.0
1.55781800173643	-1.90542858590164	-50.0
3.40974902344689	1.5260529862774	50.0
3.00450344322354	1.16928040116858	50.0
0.614213375320704	-0.879010903714454	-50.0
3.70742393218287	1.93276865816931	50.0
3.76390264584485	-0.00132918762053746	50.0
2.52616985559208	-1.87958878369191	50.0
1.53282112634192	-1.91434411068651	50.0
2.20486320484522	-0.302346774427946	50.0
3.09926246325734	1.05033656316501	50.0
0.670849845833131	-1.36350720783099	-50.0
2.16522235186753	0.2396802560778	-50.0
1.30176706123589	-1.15219287592835	50.0
2.48410776616444	-0.140191404427166	-50.0
2.46900792486507	-1.92596595664589	-50.0
1.96398600714059	-0.608680051902654	50.0
0.573000988454325	-0.0782023355880523	-50.0
1.78062037700429	0.69420324320812	50.0
2.64810724985273	-1.4318331366862	50.0
0.968399498935025	-1.42749820652588	-50.0
2.1661984578632	-1.74596676562817	-50.0
1.08453510910737	-0.211586986386338	-50.0
0.878464524468531	1.50791413281866	-50.0
2.30538560232381	0.420594194357223	50.0
2.12109916379299	0.557651885423896	-50.0
1.2209854320482	-0.682277427795068	-50.0
3.1775663156783	1.09950156717079	50.0
2.52545780399619	-0.198765560733504	50.0
0.145493276809327	-1.4729241832645	-50.0
3.01379945245365	-0.228184625362291	50.0
2.83901477937165	1.78706835074327	50.0
1.08377592619997	-1.51764716601348	-50.0
1.60122518438377	-0.977434289245757	50.0
0.998666735077343	0.0830021223583952	-50.0
1.56826703755883	-0.854125719257532	-50.0
2.15232606144856	0.536827763411574	-50.0
0.876059273889559	-0.146048647436581	-50.0
0.506026325963903	-0.570012369866148	-50.0
2.67224584795189	-0.115856840569477	50.0
0.821022235150026	-1.83433335584525	-50.0
2.118716169145	-0.452474905518488	-50.0
2.22723084595811	1.72861712682429	50.0
2.25123658919902	-1.55093664553834	50.0
0.959737583401031	1.02199320992706	-50.0
0.312112774816596	0.577628807791011	-50.0
0.748729478218966	0.0610155640830665	-50.0
1.18555360815939	0.583594480638486	-50.0
1.59046586811949	-0.346862057886578	50.0
0.356183453863701	-0.469686774245036	-50.0
2.13305355535767	-0.181838115570262	-50.0
2.37274439719011	1.8218293027048	50.0
0.461342523227576	-1.72301075070457	-50.0
3.43989214941519	0.76318055291791	50.0
3.35795826425975	0.38915033324421	50.0
3.13448283192969	-0.544225786597291	50.0
3.55600234735142	-1.45273871093221	50.0
2.31544527763538	0.861967994264409	-50.0
2.86686368810037	0.823309778462679	50.0
3.13811773623994	-0.0340513373934273	50.0
1.51430472746257	1.11435191906456	50.0
0.437489476689529	-0.314511506497236	-50.0
3.94762495887283	0.314383305706411	50.0
3.03373929897035	-0.494041928599235	50.0
2.22330139818596	1.58604156101291	-50.0
3.59739126473393	-0.185173281704409	50.0
0.287474880889477	0.969921343960145	-50.0
2.12140767467498	-1.06284284303325	-50.0
3.17829116673103	-0.686287202036248	50.0
3.21868694290052	1.94407507708135	50.0
3.45632529431116	-0.66940585995546	50.0
2.61391029352609	-0.963011907921148	50.0
3.67644031869262	-0.234030069580065	50.0
2.08837273110611	-1.54205667226877	-50.0
2.79419595621826	0.415853993860437	50.0
2.1185926512288	0.596082786892123	-50.0
3.90895335585743	1.15237741849157	50.0
2.58070364250502	1.49739370465011	50.0
0.928150262679948	-0.294138665180423	-50.0
3.83426258606828	0.616762527009115	50.0
2.40146513955904	-0.737632974914214	-50.0
0.131507754348751	1.89098741377114	-50.0
0.940897689842294	0.906692982635255	-50.0
3.18527484541516	0.391907673394012	50.0
0.67348625854238	-1.30584761073369	-50.0
1.44847663361542	0.791995099992291	-50.0
0.115233003739151	-1.3545002751373	-50.0
3.76839824287276	1.92073701413655	50.0
1.49049530824759	-0.667014619464246	50.0
2.48005212189329	0.0351336972219885	-50.0
2.28728487246936	1.58617339666222	50.0
2.64454589306727	1.11622655561964	50.0
1.14369810904383	-1.23918142349567	-50.0
3.32288687458098	-1.75813480949552	50.0
0.604047545502955	-0.787577627467571	-50.0
2.28085130735423	-0.217284200794973	-50.0
3.66534669557256	1.94698887117112	50.0
2.41553705343922	1.21306307165787	-50.0
3.23829139207057	-1.7094709035741	50.0
0.893519266222887	-0.587788292152594	-50.0
0.911951599603525	-1.11672259651541	-50.0
1.36744334707973	-0.878757844929702	50.0
2.9203091992197	0.808855157244166	-50.0
1.20436691082655	-1.92486891780966	-50.0
1.28412569430245	-0.623737428990989	50.0
1.8091376930671	-1.17380993296903	-50.0
1.52226770261542	0.964538009001285	50.0
1.32821276840829	1.86527054454764	50.0
3.79505037247297	1.35558429516458	50.0
2.36700845197196	-1.52356309342136	-50.0
0.844446285777517	-0.0224515310686872	-50.0
0.4429244687073	1.67629731404232	-50.0
3.44116082381852	0.738428202376737	50.0
1.33251648756953	-0.803095831909193	50.0
2.41371262172323	-0.924499595271603	-50.0
1.2854189106601	-0.820121252110799	50.0
3.55748173779893	1.6295739871137	50.0
2.09071406719158	-0.0203899767248181	-50.0
3.48995545133574	0.453587096404681	50.0
0.65785600954901	-1.51645703678153	-50.0
0.667830227163801	1.81004297036395	-50.0
1.98923431756429	0.507752611528973	50.0
1.62008987549984	1.13597266929666	50.0
2.75433934610008	0.819851992827624	-50.0
0.546868866537342	1.69968826122985	-50.0
1.34163676912921	1.85916697376807	50.0
2.08141750806709	0.0476578562521408	-50.0
0.554085158108144	0.555072488345249	-50.0
1.38253484229731	1.88811928662919	-50.0
3.86127841511638	1.74433227164849	50.0
0.200504664886907	-0.531858964965955	-50.0
0.341433230286027	-1.34860369825104	-50.0
3.68327964066921	-0.641885709078471	50.0
1.37889092001288	-0.0763256863982496	-50.0
2.78470177557718	-0.587067776138145	50.0
1.05379853865748	1.38123016520972	-50.0
3.49648254417695	1.4378009888796	50.0
0.770699482321285	-1.08482831830757	-50.0
1.78220239305187	-1.76986563131466	50.0
2.51208719435524	-1.59143691015659	-50.0
2.31739570617215	0.615831203886236	-50.0
2.09909109363113	-1.67752169621331	-50.0
3.47083928746286	-0.663185407805238	50.0
3.76518792996769	1.59802651736727	50.0
3.7836447598436	-1.01157140692762	50.0
0.907403138375414	0.0111849179705357	-50.0
2.1578128449482	-1.77122951529699	-50.0
0.259053623006514	1.0270181082838	-50.0
1.90246527475599	0.701585005185563	50.0
2.39681465628437	0.112389981134294	50.0
3.78232234381636	-0.373888547469866	50.0
3.20559204212027	1.94230855004094	50.0
2.50925920925851	-0.973766027380211	50.0
3.46073493129574	-1.72967007906608	50.0
0.866532923895174	1.67141773396976	-50.0
1.83916742272701	1.10216968672859	-50.0
1.11012573983524	1.90617011715599	-50.0
2.41180396294007	-0.31207778387004	-50.0
3.69962167879245	-0.521891487948196	50.0
2.35531242233896	-1.25277297108156	-50.0
2.40584113307217	0.226823004641704	-50.0
2.34080123553843	-0.588525986207775	-50.0
0.84463646201525	0.185628999547519	-50.0
3.17369342021168	-0.511716137344838	50.0
1.94523267748597	1.52008130164875	50.0
3.28852971870787	1.44418181802219	50.0
3.74760809328285	-0.856135348632003	50.0
0.285594875100459	-1.32997598273438	-50.0
0.574806238529157	0.74075100619017	-50.0
0.160475636371938	1.17812300928518	-50.0
1.05668406478034	1.598950662104	-50.0
1.13001585736342	1.76460498172917	-50.0
1.45510363060236	1.14382201157801	-50.0
0.462832445245489	0.65380323214712	-50.0
1.13787821742684	1.19315356215137	-50.0
3.51012749333331	-1.86115687483038	50.0
2.66752612179239	0.850356200679489	50.0
1.76023168191712	-1.23644151940593	50.0
3.04324251912118	-1.32707969521982	50.0
1.62404064274986	1.48304327579162	50.0
3.55077119002216	-0.0327502170883771	50.0
1.4463348785788	-0.621043876374672	-50.0
3.1046916583244	1.60700823953621	50.0
3.58921779870367	-0.476457360839978	50.0
3.00087725385458	-0.213001246017266	50.0
2.77368915656273	0.961312594290516	50.0
0.681748340065118	0.650894913484122	-50.0
0.64800899222963	0.675118668648696	-50.0
2.6595485022076	-1.86491194451033	50.0
1.27123709376257	-1.46770661687024	50.0
2.36382258583091	0.442731301041173	-50.0
3.14465236954057	0.825425708627097	50.0
3.7248739527602	-0.0701428864766081	50.0
2.19622781968359	-0.118677890022423	-50.0
2.74751633717715	-1.29734703752375	-50.0
1.21734816257077	0.257423766950373	-50.0
1.64234035419184	-1.51618548714604	-50.0
3.36885296267757	-0.0875278516383766	50.0
1.57631107100573	-1.10100623130475	-50.0
2.31506847788765	-0.115047628013915	-50.0
2.04691399954636	0.0292716936137019	-50.0
1.34537129122901	-1.5124925486575	50.0
1.31045557118495	-1.693087044297	50.0
0.633611169969271	-0.959360159222764	-50.0
0.662102156750519	1.49967321368667	-50.0
0.539454016586524	1.6856288033274	-50.0
3.33678663550009	-0.147443200690079	50.0
0.839321213368336	-0.96630650264826	-50.0
3.2588080348444	-0.310776869021729	50.0
1.23219947340522	1.49231864158781	50.0
3.4456543017737	1.23940381966604	50.0
0.265046598682001	0.716265150920532	-50.0
3.31458134694093	-0.928665610158489	50.0
0.373423856538227	0.392695977988157	-50.0
0.230451628517165	0.144334098939361	-50.0
0.958869586964184	0.682859364511812	-50.0
0.173088859681238	1.35005478997336	-50.0
0.932325938396634	1.0247532004927	-50.0
1.01331215858163	-1.66912694106231	-50.0
1.75638894111604	0.356374478351356	50.0
3.83800192204259	0.712163572632036	50.0
1.63952375721313	-1.73751991250979	50.0
2.5567251074201	-1.58566070183607	-50.0
1.32382780489611	0.415687098653357	-50.0
1.64404243058907	1.69531526415169	-50.0
3.80704968994089	-0.0580434344435743	50.0
3.80495901205324	-1.66687966046389	50.0
0.847552653900092	-1.94360484231848	-50.0
3.46533442496562	1.40537663813945	50.0
0.178853552519481	-1.92118605443532	-50.0
1.35483381958911	1.18069986160743	50.0
2.14655674369731	1.78992796808672	50.0
0.516817231710935	1.25187229235892	-50.0
2.75134213286416	1.21915360578746	-50.0
3.10534729490063	-0.232550782546124	50.0
3.005177016265	1.59985316882616	50.0
0.638727637182419	1.25711152759404	-50.0
1.29854005865742	-0.89073154283352	50.0
3.27958432463947	-1.02839451377835	50.0
0.912450302531671	1.16532306255464	-50.0
1.27492375189993	-0.481769950531539	50.0
0.176097597110391	0.369419727392413	-50.0
2.1218255051207	-1.87730865483487	-50.0
1.58496290485703	-0.601800934092974	-50.0
0.54995700134661	0.0868702708293345	-50.0
3.50920887444333	1.84290543036199	50.0
2.91637047980093	0.117166882415706	-50.0
3.94910702389659	-0.600906054951252	50.0
1.50630247258896	-1.90712078293646	50.0
0.12934015141233	-1.13726773543509	-50.0
3.03315721562008	1.14137518158264	50.0
1.41611437498615	-1.72722436800735	-50.0
0.854552809042407	0.326952410168338	-50.0
3.65965967435403	-0.506493134569402	50.0
1.05229503110828	-1.42782815220589	-50.0
3.50235943323653	-0.0692671404732534	50.0
1.41206810797985	-0.689671631287598	-50.0
2.84605780801029	-0.428478198201226	50.0
1.37485209533207	0.0302227594799953	-50.0
0.227760636346272	1.10026876420356	-50.0
2.82567186750989	1.08400172567109	-50.0
1.07953357284668	-0.753520673703532	-50.0
3.24936768445167	-1.41507911506486	50.0
2.78563134449913	1.71544212237965	50.0
1.62441093751828	-0.482693670430719	50.0
0.315478921160363	-1.45059437351719	-50.0
0.492620312998642	0.99984188658017	-50.0
3.43416106175344	1.93671981410862	50.0
0.479140564313973	-1.27696755683578	-50.0
1.96541148927475	1.70534891570003	50.0
2.06194451722592	-1.10646187897572	50.0
0.298141555640732	0.584823279432574	-50.0
1.6515356614818	-1.08877818800345	-50.0
0.284821397841633	-0.130827808218609	-50.0
2.29618107017735	0.895059918508891	50.0
3.83621208365954	0.0105763833183707	50.0
1.53859914816926	0.994667853225962	50.0
1.74513228988301	0.463833521685454	50.0
3.31266537566964	-1.5558713254936	50.0
2.04402566091842	1.22917612519877	-50.0
1.56352611358452	-1.42205135975896	-50.0
2.89836532519554	-1.56528528003809	-50.0
3.02789573374708	0.793616663530572	50.0
3.4799727290133	1.34980463690924	50.0
1.36212192835383	-1.55537374808353	50.0
2.76803744430579	-1.6189751486785	-50.0
2.06484987266955	-0.244209636036202	-50.0
1.18745543418309	0.772298499353459	-50.0
2.29426885745993	0.0117214170051128	50.0
0.297091474491827	1.61001925231947	-50.0
1.17029280289972	0.746336561346257	-50.0
0.290318586298229	-0.685460522584936	-50.0
0.179245320201358	-1.52276435308357	-50.0
0.926791968448893	1.66120337748958	-50.0
2.74546718064157	-0.522807239809351	-50.0
3.92413206855178	-1.69916909866325	50.0
2.07321028157552	1.18978281372479	-50.0
2.91133022408083	0.380072099982446	50.0
0.533619781499337	0.181723558512787	-50.0
3.51952786002812	-0.954708136299551	50.0
1.62295958634955	-0.957071174676872	50.0
1.72365003467167	0.664499907914667	50.0
3.65380879093362	-1.25250661349625	50.0
3.55790167380492	0.724107124717069	50.0
2.87650169179435	-0.424079858037439	50.0
3.27322403082257	0.480185104077912	50.0
3.30155744010396	-1.61915445472336	50.0
0.199678743351144	-1.90823221451101	-50.0
3.20302222605478	-1.57156840101411	50.0
1.3893040245702	-0.347063471258957	50.0
3.91800753880208	1.87866616194587	50.0
0.94240261128143	-0.506843888811598	-50.0
0.838816407018868	-1.25223743396149	-50.0
2.47945622892074	1.72887802543051	-50.0
0.713002093889025	1.35178477755945	-50.0
2.95163311731565	-0.4508719588475	50.0
1.10311941225291	1.10822754721579	-50.0
1.34758574552455	-0.472517739430708	50.0
3.76414427928986	-0.235012741769964	50.0
2.00655462335714	-1.72136775751125	-50.0
1.29014456292928	-1.45072570692309	50.0
0.175891173136195	-1.4241827550847	-50.0
1.25583732339571	-1.04241217729268	50.0
2.58939482732362	-0.474137697795031	-50.0
2.96953284691757	-1.27075607027303	50.0
3.21285936248704	-1.88414645329623	50.0
2.38981012371329	-0.779612863410919	-50.0
0.717095749969803	-1.87894326239969	-50.0
3.27374293159636	0.849985712299715	50.0
3.06377678630341	1.85996856950375	50.0
1.28869072883986	-0.878872935148335	50.0
3.50378012444063	-0.336170685788506	50.0
1.93873702645662	0.893150043895508	50.0
0.681077366435666	-0.321773448777151	-50.0
1.00293887571537	-1.28178081707041	-50.0
3.69511063443768	0.294393329244514	50.0
1.28914886339221	-1.46878935429645	50.0
2.78724995299263	1.79250307975296	50.0
0.299429354124184	0.822339195574818	-50.0
3.44206925137936	0.94372690479893	50.0
3.82452486200377	1.72132008295591	50.0
0.763131400282564	0.822605587743356	-50.0
2.36541602062781	-0.507087919506658	-50.0
2.04303557669375	1.29596862470106	-50.0
0.947864009360275	1.78192821194916	-50.0
2.56495178194867	0.296823887323785	50.0
1.80946678691897	0.388480345206294	-50.0
1.28552821781383	1.44435652492301	50.0
1.38772690656618	-0.734133428727394	50.0
3.02201031751714	-0.939347059886532	50.0
0.602503871769252	0.304178932657588	-50.0
0.613155569931264	0.121368740438536	-50.0
2.18658863992037	-0.911767044981746	-50.0
2.35687581319169	-1.0343947862239	-50.0
1.18204209974932	0.257416387275155	-50.0
1.83387288068184	1.34373664562132	-50.0
0.24214612267214	-1.18722943263973	-50.0
0.182125859687633	0.244272273125258	-50.0
0.3072711395405	-0.638818290047463	-50.0
1.86515217886977	1.4632852879137	-50.0
2.75490591016666	-1.04609677718392	-50.0
1.98144169504628	0.611842394065301	50.0
0.895457807785349	1.86680704988082	-50.0
3.64719460999908	-1.49728904639751	50.0
3.71441691076853	-0.337941177511843	50.0
1.01232697494363	-1.84708954530951	-50.0
2.44885052944513	1.62621397517546	-50.0
2.58689500391251	0.494366574311874	-50.0
0.947968956581633	0.204015977577164	-50.0
1.90914619713269	0.33207861506213	-50.0
2.12929963960564	0.956447615883479	-50.0
2.48103540912784	0.291382239481202	-50.0
1.35294713186167	0.31089673142774	50.0
0.282850585662622	-1.36713166101016	-50.0
2.20531242552371	1.4243572583411	50.0
0.747576448858319	-0.248360249068546	-50.0
0.891504517899168	0.782816854396701	-50.0
1.07239058760118	-1.62116500336846	-50.0
0.457778092139964	1.90233550271984	-50.0
3.88281122977951	1.49749147453253	50.0
3.02896552483746	-1.48780383657733	50.0
3.59612949295185	-0.241733938614262	50.0
3.2825272800744	-1.59892321804902	50.0
1.24030769247329	-0.619997368453226	50.0
1.0928980765793	1.03534339218043	-50.0
2.08601585161256	-0.853786971175157	-50.0
1.90681751290997	0.772765405411228	50.0
1.55812191328977	0.709017662518198	-50.0
1.69829226634926	-1.92456328759683	-50.0
3.74175612915033	1.28966462979646	50.0
3.44810741576803	1.412313719377	50.0
2.10682569513194	0.605540938247408	-50.0
0.567275510292913	0.823511273091506	-50.0
3.11590348463013	-0.041915201652639	50.0
3.53207938192136	-1.34442545700783	50.0
3.02129841153503	-1.19822883120555	50.0
2.76229971533625	1.81644734459865	-50.0
0.373907061561933	1.58293061351096	-50.0
0.43553774307167	0.0284801446641636	-50.0
1.46286070267067	-1.04763219596637	50.0
3.06875740875164	0.240072503395958	50.0
1.2185595138276	-1.59684002142449	-50.0
2.11844946612557	-0.611786094101968	-50.0
3.02495883925454	-1.64149321452391	50.0
2.17086325163159	0.716617999069896	-50.0
3.02717242204687	-0.291151447338065	50.0
1.05348418981276	-1.20237680926985	-50.0
1.32774025911917	-0.395658786470626	50.0
1.38642420974773	-0.954310230892058	50.0
2.36280993242867	0.583918721703803	-50.0
1.92527590359946	-0.775868762460092	50.0
2.49816818303248	1.52491756333141	-50.0
3.46617751255829	1.29192640861069	50.0
3.1272732937553	0.119492378384803	50.0
0.13934561277275	-0.410661374951791	-50.0
3.48644901459009	-1.88001813743838	50.0
0.531367377565769	-1.2040510643395	-50.0
2.56887015043024	-0.0876936963652566	50.0
0.965592379056784	0.104164382658989	-50.0
2.72352352596437	0.952428169830066	-50.0
3.25034086616789	1.63956020837386	50.0
3.40301542773119	0.0981577753093175	50.0
0.776758946306112	0.177700171779104	-50.0
3.54311638531103	0.193835367752119	50.0
1.31595012428657	0.260636612399135	-50.0
1.99826219107771	-1.06913803030345	50.0
3.93935409326991	1.9175540664979	50.0
3.29870011553036	1.05889615147664	50.0
3.20815904458329	0.535584849501827	50.0
0.644711268029869	1.60460109164152	-50.0
1.13826736669724	1.9193810933295	-50.0
1.86619895745266	0.52884079910127	-50.0
2.64286083971048	-1.73903945779529	-50.0
0.265223467075448	-0.868045500513297	-50.0
0.385848003963328	0.515569052348508	-50.0
1.43745333806462	0.249794304320102	-50.0
0.112722588398934	-1.65782090557105	-50.0
2.99064684373198	-1.75337601529302	50.0
2.0834266462865	-1.26685221566665	-50.0
3.03726834428267	0.373278262009274	50.0
3.54881979441647	1.25303629265373	50.0
2.67381116314612	0.473752256337251	50.0
3.90639626614853	0.306299542301716	50.0
1.98599844621424	0.631961835398108	50.0
3.21636595621214	-1.37550515100187	50.0
0.509792828662973	1.87723922698484	-50.0
3.28005672453606	0.868528592464766	50.0
0.796167665323845	-1.67130465084571	-50.0
0.427567618603518	1.13423652724997	-50.0
1.28755116517971	0.63626717552723	50.0
3.16155700195566	0.457288265807983	50.0
2.26519257132815	1.30769475046379	-50.0
1.85298336001242	-1.24946379814332	-50.0
0.13951670376991	1.59471400273108	-50.0
2.6397696512259	-0.494842327376012	-50.0
2.4827792228366	-1.31499088760439	-50.0
0.641029866409162	-1.43512370235489	-50.0
3.79328829988006	0.43231513548647	50.0
1.33269513528162	-0.832677998732337	50.0
0.489306153722739	0.797539260330473	-50.0
3.43093147678381	-1.90948036457391	50.0
2.70214776294658	-1.28321465109669	50.0
2.29218757310639	1.00430225688218	50.0
0.71422038042138	-0.00294541044688823	-50.0
0.366928585835044	-1.46732670782337	-50.0
2.6383110433527	-0.0585159693796025	-50.0
2.0140264217263	-0.549207727519492	-50.0
0.673721580375207	0.782202761079727	-50.0
0.150044519492022	-1.28781842049699	-50.0
0.739607644862339	1.66117973228266	-50.0
2.82702556990583	-1.32514683902737	-50.0
1.33652198878652	0.743965007006185	50.0
1.84011357535877	-1.85315528510756	-50.0
1.40680334180355	1.10529284615082	-50.0
1.69351550210598	0.949658705393457	-50.0
1.74536975694234	0.719969514373134	50.0
3.58579669888314	1.08055550760735	50.0
1.87739319064505	-0.237691088022013	-50.0
0.117810318127214	1.39444096426841	-50.0
1.75825800783518	0.826404262208679	50.0
1.48618010344713	1.09761075098261	50.0
2.42943293543615	0.163648385982659	50.0
2.47571106897784	-1.41357434604265	-50.0
2.72493090595578	-0.0651295746447556	-50.0
2.92766824271869	-0.485095516878999	-50.0
2.00850183667616	0.874859183500067	-50.0
3.90236865316675	1.29508459568508	50.0
3.93602310361045	1.84184857259708	50.0
2.44684329438454	-0.97575543318735	-50.0
3.7914293563535	1.7735865609734	50.0
2.6478695957372	-0.35530372446318	50.0
0.462085028241956	-1.54223191360274	-50.0
3.80072238445358	1.66485999659076	50.0
3.37237320291565	-1.89273296120863	50.0
1.96731204733975	0.246808708929875	50.0
2.83828166592772	-0.734550102366215	50.0
2.57506196441408	-0.304203125140714	50.0
2.53385333413665	-1.00717445350961	50.0
3.03914623105388	-0.0777028370014765	50.0
1.41856805178626	-1.43329562131147	-50.0
2.53426111495592	-0.16427622267628	50.0
0.231794905917357	0.0471003959700616	-50.0
0.110109920610568	-1.88519252161668	-50.0
2.38521889234268	0.822982708765651	-50.0
0.997410114672274	1.05026418826773	-50.0
1.03358373211518	0.655317000958331	-50.0
0.656291949572577	0.106526266865942	-50.0
0.908765735808439	0.0290280280461703	-50.0
2.038388678694	0.111471127113391	-50.0
3.23580188544676	1.08511046782633	50.0
2.42535374919562	1.68340373607066	50.0
2.62064989745107	-1.6011625854061	50.0
0.381530499784074	1.144267153854	-50.0
1.7328456089382	-1.03024177972788	-50.0
3.00061296522712	0.250048929826609	50.0
2.64499475925758	-1.39007223922058	50.0
2.49256947486832	0.170347960095275	-50.0
3.69485631579506	-1.94917256899524	50.0
0.421693619056418	0.585581874702758	-50.0
1.86501323192518	-0.582399238669507	-50.0
2.00616144593035	-1.00423823852847	-50.0
1.27392863736322	-1.63350901007078	50.0
3.57145690061953	0.263775294928748	50.0
0.602502701956259	-0.00630512739103795	-50.0
1.96991352851831	-0.282144294079956	50.0
1.62991656243478	-0.203197149422258	50.0
3.00144591307802	-0.205216957800091	50.0
0.106529199623178	-0.973699198072022	-50.0
1.97904389054385	0.483933446718202	50.0
1.17255810910743	-0.666496921685327	50.0
0.53514880098839	1.04925421796698	-50.0
1.91206728228586	0.407051708511619	-50.0
2.22382497473481	0.740356797611168	-50.0
2.09944838109534	-1.38556818643246	-50.0
1.54831058677624	-1.15247868481669	-50.0
0.219726057623503	-1.07061464132813	-50.0
1.04503427689744	-1.25123413634373	-50.0
3.28174922077636	0.397859440228556	50.0
2.82331188214106	0.119447178579927	-50.0
1.55504808874267	-0.0301548894978516	-50.0
1.37646465094621	0.549589049717856	-50.0
3.66715524361708	0.547717313190282	50.0
2.49825842785932	0.905041547789788	-50.0
2.34786598982488	1.51043969007742	-50.0
2.58906897788729	-0.927063968555677	-50.0
0.540226624877125	1.64337354603535	-50.0
0.220554341733977	-0.564414501504486	-50.0
2.26859919102819	-0.117482688243834	-50.0
2.11262053322805	-0.16466252373325	-50.0
2.90067532703482	0.666837840812876	50.0
3.92575976874475	1.83366960328211	50.0
1.86066123960133	-1.65245168153729	-50.0
3.49646807011959	-1.1417578243549	50.0
3.80885956380494	1.6568690643565	50.0
1.6059854923638	-1.83103852529421	50.0
2.61781696955615	1.13999561181683	50.0
3.78192526609141	0.216531720479271	50.0
2.62038552688189	-1.07972537197357	50.0
2.02873479857653	0.494769125230643	-50.0
1.43765082788528	0.324806265596987	-50.0
0.6939278788583	-1.63991480696699	-50.0
2.36145555562787	-0.535678694868519	-50.0
0.920012157628682	-1.67686926448677	-50.0
1.9373351594691	0.876512508459332	50.0
1.05559481688886	-1.21768035546407	-50.0
0.299646422037146	-0.248956105971479	-50.0
0.985542472192859	-0.234888700163852	-50.0
2.96840090684257	-1.11269400265549	50.0
2.4579759650532	-0.653974164019854	-50.0
0.521018990939143	1.23694606672301	-50.0
0.374970003635917	0.488646125827571	-50.0
3.09237055339357	-1.89954800764889	50.0
1.06489105186192	1.86140230525345	-50.0
2.69048281443649	-0.768135955379433	50.0
2.30248683552471	-0.960916030188083	50.0
0.317959852982106	-1.20936013650372	-50.0
1.60387559389261	1.6466202406046	50.0
0.891872149874397	-1.72117335592407	-50.0
1.51387704804181	1.31509276854081	50.0
3.91008151478528	-1.16735994652726	50.0
2.871079758068	1.89480811257431	50.0
3.84575900800556	-1.61127375743944	50.0
0.381858693348263	-0.113767554821338	-50.0
2.68038616607115	-1.49896267320706	50.0
0.205512869134914	-1.23910498883285	-50.0
3.33180354957164	-1.26755740383101	50.0
1.37497708455398	-0.398199760751188	-50.0
2.67008336102437	-0.278704973280465	50.0
2.38309124387709	-1.19130425183892	-50.0
1.53892303307529	-0.418052240859089	50.0
2.06470982709569	1.24778945971872	50.0
0.432784548846377	-1.15099268076347	-50.0
3.0218462824356	1.46874268595621	50.0
3.51501541530388	1.73645525245707	50.0
3.18824257943334	1.48168929203295	50.0
0.660707739107286	1.83323736569147	-50.0
1.73226018248632	-1.32546361849359	-50.0
0.68146781526647	0.203958001330782	-50.0
0.822990753411471	-0.787998928618877	-50.0
2.91155632744985	1.79786972591449	50.0
2.53154306386976	-1.12891582844832	50.0
0.60779251658423	-1.80671029963883	-50.0
1.44983765004264	-1.22824010400715	-50.0
0.201744801019877	0.638063319498869	-50.0
1.9893360380971	1.3042682258546	50.0
0.334555979388215	-0.631342028956855	-50.0
1.6773630023565	-0.726109359943719	-50.0
2.26141057285292	-0.177282967125369	-50.0
2.99989226770474	0.747317151596194	50.0
2.86074320558903	-0.0664282827334288	50.0
1.90405669575822	0.00614737008289046	50.0
1.56609911786767	1.60198521264765	-50.0
2.59060506081363	1.35795555543357	-50.0
2.57556452771356	-1.35351144072803	50.0
0.545259184054142	-0.728969125489454	-50.0
1.3902091908696	0.883641005129454	50.0
2.99095518932076	-0.187347781390574	50.0
2.94916512687035	1.2428967173529	50.0
3.79930232029101	0.499632381524586	50.0
0.286198165358334	-1.53026613107625	-50.0
3.05073247799541	-0.733412665705816	50.0
3.55141879816679	1.26775498395404	50.0
0.864026884790577	1.47922939965567	-50.0
1.05142865242605	1.20988171942912	-50.0
3.67648361199567	-1.2870644464366	50.0
1.55088637550298	0.581019558440109	-50.0
1.92888676403497	-1.5305267058732	50.0
2.76345103109771	-0.851079581671561	-50.0
2.63579570552056	1.29943736726626	-50.0
2.45217970363983	-1.69492459924577	-50.0
2.28486403818106	1.7733326436896	50.0
1.41075155997609	1.25722750367237	-50.0
0.395886663364792	0.244801061440278	-50.0
3.75474562408338	0.000811809105454087	50.0
1.42722262670921	0.0175780210232355	-50.0
2.14551892242804	1.66998233229488	50.0
1.03551934144524	0.5942558514932	-50.0
2.34661111238364	-1.00004238430871	-50.0
0.807878894022793	-1.75974566174632	-50.0
2.13280395216848	0.614941728604163	-50.0
1.37040467395039	-1.29346555673247	50.0
0.737017027801744	-1.77111817364507	-50.0
0.982175811526426	0.299573384174044	-50.0
1.66169513811662	-1.31296693238193	-50.0
1.52053580838146	0.398645269477176	50.0
3.80708755574441	1.9157334176247	50.0
0.369298106662745	-1.04588208411443	-50.0
1.16109429897728	1.20880411820441	-50.0
3.85684481268079	-1.94952004929295	50.0
1.91868721469642	-0.0975483236430603	-50.0
0.597909639921339	-0.520839306163249	-50.0
1.96563878241362	1.18434974876209	50.0
2.72763179318538	-1.86827666318034	-50.0
0.613268064248271	0.535552759955717	-50.0
1.69809609603184	-1.65959560784402	-50.0
3.43372629128898	-0.572450793633475	50.0
3.4324194788813	-0.656253012833346	50.0
2.77740479920324	0.56665423546144	50.0
2.26316828940553	1.6650421078088	-50.0
2.36801491556201	-0.34448267803186	50.0
2.10834920437396	1.47500721707796	-50.0
1.87555272675779	-0.252044389170207	-50.0
2.38632658062247	-1.6576487503854	-50.0
0.237812005120252	-0.803016424643365	-50.0
3.01401536197678	1.04506710806407	50.0
0.445114551651429	-0.758885241039634	-50.0
0.888402464927934	-1.90377982513909	-50.0
2.59265053097343	0.803805633490847	-50.0
3.10336412195179	1.35495750430522	50.0
2.69930129478676	0.724464351470817	50.0
3.2363203580006	-1.93662988984552	50.0
3.48945862477665	-0.204868848898398	50.0
3.25896655407619	1.28068005648285	50.0
3.45744646433095	-0.877201182752135	50.0
0.443072146775641	-1.93275057135767	-50.0
3.69718685740963	0.902966343022244	50.0
3.26156720818091	-1.39901500967538	50.0
2.80071613252453	0.772841701645974	50.0
1.53346362431918	0.269203654427046	50.0
1.53035948755401	0.466204147831337	50.0
2.77672379848775	-0.506310309731309	50.0
1.55994543518766	-0.58792900448128	-50.0
3.06110193567431	-1.5217828975642	50.0
2.66862627421292	1.58756042316037	50.0
3.16814678199927	-1.14117168174687	50.0
2.27050184402933	0.388289657035996	-50.0
2.1830794809898	-0.63367557956745	-50.0
0.674613463846012	-0.915661862776461	-50.0
2.67630398992996	0.171358377110275	50.0
1.31770678842776	1.35625086005191	-50.0
1.60153336390917	-1.09933787138619	50.0
0.437360813072826	-1.47689813409983	-50.0
1.14842931851882	1.28908687933211	-50.0
2.64690443894655	1.72114605618747	50.0
3.75632682467255	-0.260946128637841	50.0
2.08285877683703	-1.72662365452131	-50.0
3.45006900147086	-0.694773883077164	50.0
2.00233728383453	0.398040238851055	50.0
2.39449887970788	-0.767294976548783	-50.0
2.85864727582854	1.08500979344154	50.0
3.91106556778848	-0.0576827038415164	50.0
2.15079149030546	0.699943469541758	-50.0
0.421476454762856	-1.52826213747243	-50.0
1.73932408503054	-0.717603371275368	-50.0
3.40560925962404	0.0784038553372797	50.0
2.41548791117943	-1.1547144003082	-50.0
3.03237730234277	-0.947254785881101	50.0
2.74766672712432	0.519856549721305	-50.0
2.17194099015001	0.922662737565821	-50.0
3.64371701578828	1.55504595440799	50.0
2.79800207745617	0.907982325987613	50.0
2.87391574693265	0.643715236643141	50.0
1.34605268797627	0.0560041101097972	50.0
1.77785853567717	-1.70666011845801	50.0
2.98782272648565	-1.64817040956535	50.0
0.72050889476544	1.22227364794804	-50.0
3.3411810192252	-1.0458374806231	50.0
0.598896671746799	-1.6179910119346	-50.0
0.882114399665474	-0.720974150267737	-50.0
0.197599380885182	1.04883405583128	-50.0
1.1414326507517	-0.804349388670598	-50.0
1.18173375885693	0.21455673564589	-50.0
1.96837033491003	0.969750114251236	50.0
3.78496584113567	-1.48277752708247	50.0
3.15772973824295	-1.80255735440781	50.0
3.87308743965567	0.0303217223437338	50.0
0.744066039639351	-1.75604229160252	-50.0
1.13276501599454	-1.74249668463261	-50.0
3.15115062861901	-1.20367401804435	50.0
1.65883242157182	-1.56801294729173	-50.0
3.17244601032276	-0.58384660847919	50.0
3.59397683935792	-1.18828701728213	50.0
2.23064638037544	-1.32087762014109	50.0
0.918766946252554	0.614363550059431	-50.0
3.80347882179112	0.970348156436838	50.0
3.88475727775269	0.434000595821842	50.0
2.34833757689821	1.13682763618166	-50.0
1.55358111377575	1.11606112004354	-50.0
1.23867772317804	0.202007669857335	50.0
3.63726176054106	0.515101495603696	50.0
0.53415641799574	-1.28406912842483	-50.0
0.755873424129055	1.1554647361371	-50.0
1.13552473439733	-1.65966520390314	-50.0
3.31093016020991	-1.46130949953815	50.0
3.29034111109528	0.337857100391852	50.0
2.01903263185162	-1.55086458157417	-50.0
0.503685333464823	-0.0571864223676954	-50.0
3.44920630509867	-1.58352358239008	50.0
2.76206773926752	-1.43997247496435	50.0
2.8134828970471	-0.148386039836851	50.0
2.07122179055317	1.48801863946468	-50.0
0.244269733509842	1.39045555772635	-50.0
1.58153104930762	-1.43475481569569	-50.0
2.66190847097279	-0.881290119645277	50.0
1.70654738342664	-0.291337190761453	-50.0
3.20030340300283	0.827530762882513	50.0
0.587965038732582	1.03506988630541	-50.0
2.12087300004367	0.946082503666411	-50.0
1.44766619953629	1.9362551164444	-50.0
2.11069068418372	1.09208687388756	-50.0
0.209258458531962	-1.003968364601	-50.0
2.85160450059212	-0.24942836619856	50.0
1.99091974188882	-1.22410777328595	50.0
1.0339631936026	-1.67940162276413	-50.0
3.64347676422018	-0.855705458670466	50.0
3.92013320992864	1.57996138453618	50.0
2.65923117380847	0.423749783013678	50.0
2.30832320710189	-1.0193204382079	-50.0
1.29377953904586	-0.237771109846222	50.0
1.90714256134852	0.147916530733563	50.0
3.47267621690912	-0.161390176915276	50.0
2.61057905915715	1.93804845638633	50.0
0.413679044164315	-0.349931584478118	-50.0
2.33032012774925	1.08600419034256	-50.0
1.31247055151281	-0.683636340912614	50.0
0.807041115414187	-1.40157074342089	-50.0
0.776764874134621	-1.02297385953941	-50.0
1.06657896463138	0.816027237946567	-50.0
2.16051248903305	1.17630816181185	-50.0
1.77272056706022	-0.554908177878623	-50.0
0.915777837283662	1.51811344589748	-50.0
0.271874329322297	-0.690937328715191	-50.0
0.665208637369878	0.397505287738787	-50.0
3.65772465303734	-0.363670736287194	50.0
3.83651794723787	-0.323916867488021	50.0
3.78298166790438	-0.179743266487182	50.0
0.403529171474736	0.859422344567789	-50.0
0.860937640296549	0.923841487575555	-50.0
2.40587363638503	-1.44576372103638	-50.0
0.450218161392881	0.670863724295523	-50.0
1.75601656660229	-0.95156924463971	50.0
1.62278973153808	-0.743036363953332	50.0
1.39960324831237	0.0789336657170396	50.0
0.984997382556037	1.93335385599583	-50.0
0.334640325303771	-0.570281201773901	-50.0
1.18831169697806	-0.253174546487236	-50.0
1.45182674182955	1.27256142201673	-50.0
2.03230210648262	-0.607977495669768	-50.0
3.53612938401796	-0.0365136532008867	50.0
3.83225136104936	0.827690636363643	50.0
3.49442731583197	0.339195262444878	50.0
1.70055221132549	0.51862460877433	-50.0
1.72994089390671	-0.780206619023091	-50.0
3.05444674753024	1.29122424006097	50.0
3.2533104001122	-0.881587312059776	50.0
3.20643073331199	-0.218922603559945	50.0
1.73024605459736	0.925942781821476	-50.0
3.83949676625026	0.826844330182105	50.0
1.9746309030094	1.4222919041914	50.0
0.91410432599577	0.828227745611793	-50.0
1.42375492689476	-1.34738340435832	-50.0
2.7964458485454	1.65351421845946	50.0
3.09701322828084	1.56023797748891	50.0
1.4691406153508	-1.8063826507714	50.0
3.39834794334373	-0.623771467875062	50.0
2.94297768650653	-0.165686817562075	50.0
0.671431813961669	1.08010368271661	-50.0
1.31547983129022	-1.52393788789472	-50.0
3.89156897589256	-0.697871344741752	50.0
3.89573468524473	-1.22192068970846	50.0
1.25450841802742	1.83903530687473	50.0
3.5377284405815	0.634947933987599	50.0
2.61712118451158	-0.567992601494103	50.0
2.77995106343056	0.082616200923652	50.0
1.07048595483117	-0.578037432111976	-50.0
0.793310466174806	0.730255929452725	-50.0
0.824319773314583	1.43993822725081	-50.0
1.46680926951028	0.883145616356814	50.0
3.3499637445281	1.414688523916	50.0
3.77889351555491	1.4650154261961	50.0
1.65374578185649	-1.05408547973138	-50.0
1.91698727947039	-0.193277676493503	-50.0
1.94452313579341	-1.25998788527388	50.0
1.56429842350862	-0.51805561759685	-50.0
1.74109400250412	-1.03120650125912	-50.0
2.52087373583401	-1.64394118009745	50.0
3.45520707388326	-0.855342690213479	50.0
2.0149306496382	-1.5084795132923	-50.0
2.65607955417383	0.281036164741227	50.0
0.650677994801869	-1.64158120967294	-50.0
2.04087334002528	0.112367276694954	-50.0
3.00156094617864	0.941079100788946	50.0
0.782493055561294	-0.778053060760427	-50.0
1.2143707093118	1.11090253958178	-50.0
1.02833878461432	0.185723761810163	-50.0
0.939344288975388	0.643006564616303	-50.0
3.07663683281986	1.77288386742018	50.0
3.14813228457358	-0.576162681476591	50.0
2.5902479045548	-1.70936543156493	-50.0
0.475550619798767	0.728535259398892	-50.0
3.63146396139915	-0.381551465096898	50.0
0.792959276153039	-1.68679556168516	-50.0
0.369374634505241	1.57635186879746	-50.0
1.74125649353576	-0.329479403886897	-50.0
2.18380238703332	1.22311906269545	-50.0
1.99508534554806	-0.397706183152736	50.0
1.42524030195567	1.55787655199106	-50.0
1.142046028714	0.805994370258983	-50.0
1.87721775085241	0.424548406318703	-50.0
3.61422595765544	0.594763861826604	50.0
2.62214881536635	1.76664153667857	50.0
3.93095228992755	0.591290148687199	50.0
2.81325564431659	-1.09739183722385	50.0
0.833734054598516	-0.840040540858861	-50.0
2.58476129973548	0.444487456669209	50.0
3.45666829060224	-0.859073830992955	50.0
0.997271516813961	-0.931794349712697	-50.0
2.30712444954479	1.70516140424391	50.0
3.71456045682362	-1.34396437898071	50.0
0.708554849106291	-1.01463597220239	-50.0
3.17660082161966	0.0342186205636388	50.0
3.85712480866382	-1.58155363266146	50.0
1.36381568732928	1.93310724663497	50.0
2.00412343793648	-0.146814471858829	-50.0
1.86040923056552	1.88888803592576	-50.0
1.40541875766759	0.703543855309666	-50.0
1.5285642879222	1.1215578652776	50.0
0.3016190099693	-1.51750181365659	-50.0
2.97584966358977	-0.690500346036914	50.0
1.98157035436848	-1.62527692910671	50.0
1.64013296984143	-1.27535077049321	50.0
1.3465002069074	-0.440188154721352	50.0
3.06832621897768	-0.244757206994019	50.0
2.76044477754315	1.91761954877402	50.0
0.508779695922112	-0.0494618691425135	-50.0
3.2243017738406	-1.6759550254907	50.0
2.52245904739969	1.50112241967981	50.0
3.31377155213681	-0.577206690282701	50.0
0.730376291147697	0.155999209646129	-50.0
3.01315387879386	-0.863190156591392	50.0
3.23790893104844	0.96423180094158	50.0
1.86368263076881	0.000902700169483239	-50.0
0.726534941564918	1.82583594548348	-50.0
0.456222742987671	1.62256149705206	-50.0
0.523560315218494	1.03845386776653	-50.0
1.98522791792828	1.75146630250826	50.0
1.71741476428945	-1.14382682077442	-50.0
2.62154418184376	1.23671060585801	50.0
3.33708602787067	-0.874816318534686	50.0
0.257806309183629	-0.201014195141017	-50.0
3.84427611720823	0.845356143986466	50.0
1.99251236266435	0.174414509776525	50.0
1.20960400265996	-1.30319746298976	-50.0
2.62820400574192	0.025458271626478	50.0
3.7749056201727	0.508103340706431	50.0
3.50180361496663	1.35716592567868	50.0
1.45808914346897	1.00300928686292	50.0
1.73357496275092	1.52463651398795	-50.0
0.96890674693906	0.294512874438741	-50.0
0.631279950603782	-1.55810338132562	-50.0
1.79800140735165	0.701975289317163	-50.0
1.67951931489823	-0.684868346590627	-50.0
3.85826563344208	0.658325125968084	50.0
1.071182147378	0.655465008617807	-50.0
0.885781808972823	-0.240102808488862	-50.0
3.35280256529085	-1.91922754655004	50.0
2.38591818698975	1.70916359617774	-50.0
1.20487360521033	1.28881645770374	-50.0
0.626498452788834	1.14858636741475	-50.0
0.721247740088513	-1.81649708218411	-50.0
1.08172154466316	1.00943697790377	-50.0
3.62717867269907	-0.781143544011026	50.0
0.179453403010388	0.72432314617632	-50.0
3.85600466868571	-0.963051947379208	50.0
1.54416105414571	1.00659684953566	50.0
1.58559050845233	-0.542763683972125	-50.0
3.14291273947535	1.01103342591022	50.0
0.369289247059283	-0.81143751958469	-50.0
3.35985494194031	-1.85662674546001	50.0
2.99118973844392	0.573835736243562	50.0
2.51729560648945	-1.1430019984143	50.0
3.06871344452116	-0.641382660696328	50.0
3.9256191194852	-1.24179966534996	50.0
2.26685090439036	-1.46526357584211	-50.0
2.31603656444173	0.731729455034432	-50.0
0.618181846635722	0.0807611223098872	-50.0
2.40100938906316	-1.38566066897997	-50.0
3.62909590146564	0.483763028794243	50.0
2.98196891623181	1.08130911758098	50.0
1.83616802370157	-1.71490169543124	-50.0
1.36468338975797	-1.83766187420598	50.0
2.26776415070731	-0.749101552159114	-50.0
1.81549048006973	0.0491586961907902	-50.0
3.51427737806105	-1.51766474802729	50.0
2.81262956185306	-1.27901409673359	50.0
1.16940772022971	0.848476649232438	-50.0
0.730676930059141	0.75945764061393	-50.0
0.938380652515044	0.169935045668343	-50.0
3.9416920073925	-0.889724452779416	50.0
3.8557250879406	0.848886051117815	50.0
3.03598647526307	-0.618711210543814	50.0
1.63948480751684	1.39883824530742	50.0
0.496620659522779	-0.325802332680126	-50.0
3.14064751480094	0.0813064601618134	50.0
0.687008326155937	-1.31726621457663	-50.0
1.32656020123607	-0.609830549879086	50.0
1.67582283562371	-0.447693443738567	-50.0
2.09119065986679	1.68820385389226	-50.0
0.220793608637833	0.163188024082315	-50.0
2.04945907221735	-0.417894439650951	-50.0
0.135678570057025	1.873070299527	-50.0
3.55731540194116	0.894689747382465	50.0
1.69811264554913	-1.77281884707006	-50.0
3.38164823077158	1.18129307177238	50.0
2.09743198195672	-1.11023126194613	-50.0
3.76147080168	-1.40963246562264	50.0
2.57880658555394	-0.365795145132026	50.0
0.19592737607812	0.185272527455213	-50.0
1.21608105081657	1.72393074231039	-50.0
3.02655771884159	-1.85423758308032	50.0
0.707211903102469	0.316115263235222	-50.0
2.35716743629995	1.06878382924321	-50.0
1.02704912907035	0.0979861251320988	-50.0
2.23271908802922	-0.632240744160577	50.0
3.50923823027571	-1.21648653145787	50.0
2.37259456534749	-1.4223093198117	50.0
2.90690932515933	-0.944268202625499	50.0
2.40471359579287	-1.76397214344217	-50.0
0.51210159287287	-1.20409179477535	-50.0
2.20721165329076	0.152629460650308	-50.0
1.99684527098516	-1.36962922498477	50.0
1.34705155323512	-1.79741203679006	50.0
0.369062055909828	-1.81445992198076	-50.0
2.26949180082885	0.126893241809588	-50.0
2.35897064654288	-0.988522615408459	-50.0
2.99856505230675	1.0686553423885	50.0
2.20000909082361	1.3211204273478	-50.0
0.911009932593578	-0.2856555620194	-50.0
0.56487450534236	0.747618421359243	-50.0
3.52598407277815	-1.34924007673118	50.0
1.80934507043829	1.9138329967208	-50.0
2.25285115707851	0.0888876918543395	50.0
3.09910835378129	1.50605727929581	50.0
0.517769201492385	0.530046872056616	-50.0
1.38535221879543	-1.10286358814234	-50.0
0.109807290829502	-1.92423560516377	-50.0
2.09141345991466	-0.582917396252962	-50.0
1.09661650137627	1.27696068286972	-50.0
1.15267105774165	1.04674676758319	-50.0
0.452792756302815	0.799910649357583	-50.0
3.39500852515314	-0.331222513150655	50.0
3.89272771818965	0.260991232599567	50.0
1.62233286808181	0.716733405830031	50.0
0.866790104124179	-1.2397345522416	-50.0
3.22516925069648	0.759274196234779	50.0
0.414953835719114	0.635632484872072	-50.0
2.06656526099668	-1.2933996853645	-50.0
0.300038964552061	-0.398832333513174	-50.0
0.378547739176213	0.330591972715941	-50.0
0.419526655957217	0.748086334303087	-50.0
0.519014150886468	-1.64230317127084	-50.0
3.74210707812924	-0.0572219392184159	50.0
0.209533903778086	0.488036515704715	-50.0
1.04812212360617	-0.451127664637719	-50.0
1.24888483655391	-1.39064783667037	50.0
0.604429010906641	-1.68757354460819	-50.0
3.18970211626525	-0.170817741074283	50.0
2.41452434954085	-0.649606412941157	-50.0
0.930750091890785	0.240918601399524	-50.0
3.47045589509885	-0.15617940435821	50.0
3.28886993601791	0.439934046410425	50.0
2.82084989075821	-1.47203295670968	-50.0
1.25345510083785	0.711324223505859	50.0
2.99834087610946	0.178139992232106	50.0
2.88155444745107	-0.144589438213953	50.0
0.268347777195816	-1.75314277515333	-50.0
2.64871798091162	1.41797262565316	50.0
1.99206846502544	-0.285597437178655	50.0
3.15037462700989	-0.426420788021961	50.0
1.93215468339207	-1.30116928232547	50.0
2.24372928136767	-1.75234854808821	50.0
2.72307433401841	1.72427775232829	-50.0
2.64994709425772	-1.50057358473781	50.0
0.695109675661236	-0.804834816077334	-50.0
3.66809798058071	1.20137169203453	50.0
2.31458521891228	0.248018906996708	-50.0
2.22876000910643	1.7153589539452	50.0
2.63521858570041	-0.689750555765767	-50.0
0.23943462107044	1.84120604587105	-50.0
1.88638454811383	0.355063112843425	-50.0
2.87446188080165	-1.9043248996375	50.0
3.29655250507048	0.496964082517535	50.0
3.93784655553613	-1.73320438810442	50.0
1.34071315411101	1.89181146028922	50.0
3.09926161033147	0.861184301818709	50.0
2.93369683210931	-1.53129939458419	50.0
3.47006855911069	1.4336588484566	50.0
0.336125119964218	1.07361880198492	-50.0
0.48837154493067	1.05766129364958	-50.0
3.10655553950898	-1.82032714185219	50.0
1.65314102694679	-1.18604515620251	-50.0
2.39720896404738	0.609082047896845	50.0
2.02732892456016	-0.953835179994095	-50.0
0.988067970453162	-0.978629408151986	-50.0
1.74168816310881	-0.7846177452046	-50.0
0.403707692993131	-1.1750434642934	-50.0
0.779518033890253	-1.63101171965656	-50.0
2.5658718726508	-1.06364876641514	50.0
3.75328330011322	-1.37146428127109	50.0
1.64250501192908	-0.352702553981288	-50.0
2.38932375710871	-0.299311336241918	-50.0
3.57787081549519	-1.91508119049264	50.0
2.70167733510634	1.71079222598466	50.0
2.54746374674764	0.288475871139452	50.0
2.0621981236883	-0.454749236196691	50.0
3.44403632559119	0.445816689716317	50.0
2.79910763120238	1.77452005245346	50.0
0.979144422421034	0.887782103072095	-50.0
0.866321869018121	-0.228151798860051	-50.0
1.40511218008307	0.659082308401272	-50.0
3.88217771892061	0.661983936777541	50.0
0.640076325001354	-0.152932602972713	-50.0
0.187538311340826	-0.527057555944471	-50.0
1.38231953152856	1.66586057270604	-50.0
1.32508652810244	0.524814101584468	50.0
2.91039499582332	-1.1305808043117	50.0
1.57893821055787	-1.49258069396588	-50.0
0.596804855343402	0.717053852539785	-50.0
2.83836216809613	-0.372184482768032	50.0
0.124847638720985	-0.595726308628193	-50.0
2.30968530733886	0.126561119691167	-50.0
0.978595829979519	1.8727870069972	-50.0
1.02349485775409	-0.130502306273282	-50.0
2.53934002257261	1.92909172574284	50.0
3.32929794439579	-0.001508439943954	50.0
0.861429100823914	-1.7953436602023	-50.0
2.31835275813189	-1.0398224978421	-50.0
1.76337052850711	-1.64102417110023	50.0
3.50186039376104	-0.11802434558648	50.0
2.18178272332009	-1.4978639979442	-50.0
3.22873609403083	-0.106505222289016	50.0
2.51209376304059	0.286003308837431	-50.0
2.17273608095101	0.435181827595108	-50.0
0.709227009257454	1.13300075525696	-50.0
0.661715472225847	0.465194956628982	-50.0
1.34449223570252	0.761257470627249	50.0
2.45475608259397	-0.551391102581997	-50.0
0.70145120142398	-0.94508179521529	-50.0
1.90426063936246	-1.0439790712973	50.0
0.314772968758335	0.093284210062196	-50.0
3.64122621444315	-0.172979775906542	50.0
1.90692041731592	-0.429996872093739	50.0
3.89011822609337	-1.71678975467771	50.0
3.13014693952797	-0.459901328531988	50.0
2.43739830219589	0.194131448502905	-50.0
2.16381747702771	-0.739686350023211	-50.0
3.52864649004248	-1.19634175150602	50.0
0.881262455342692	0.912997844437193	-50.0
0.704342241962531	1.08801382542078	-50.0
0.222656971075242	-0.30374367370018	-50.0
0.693651146871193	0.0299283624707123	-50.0
0.774774741083997	-0.383807720282675	-50.0
3.70440247086879	-0.813652408619138	50.0
0.654163761068957	1.61189574523116	-50.0
3.65931968075263	-1.26089559613176	50.0
0.246037456433507	-0.45166865725342	-50.0
3.0299527138375	0.0354260502367652	50.0
2.01962520765788	0.622502106987353	-50.0
0.702853946680832	0.810001191967573	-50.0
2.27989991720458	1.30433274531626	-50.0
3.15648160665706	-1.85195642610069	50.0
1.82263599345986	-0.794399387660508	-50.0
0.263197263082155	1.1971534201295	-50.0
2.7124646667795	-0.109329083324128	-50.0
0.954601169771817	-0.781536866329799	-50.0
2.16733012647229	-0.958982402214227	-50.0
1.07402338392125	0.983206137472564	-50.0
1.09741150554091	-1.90418446588497	-50.0
1.8649538082347	-1.07623559063652	-50.0
3.3995057703942	0.557194909494718	50.0
0.631066395075661	1.13099394947868	-50.0
2.29241195319141	-1.47338550097209	50.0
2.33838993146851	-0.842537892885255	-50.0
3.6790687244561	-0.502576422207958	50.0
0.219732253738314	1.59810192662031	-50.0
0.740379560017384	-0.310802362619654	-50.0
1.45261577067005	0.0366364233025414	-50.0
0.210138166227862	-1.08723185346323	-50.0
2.74646683024039	0.724592226466309	-50.0
2.05766131565935	-1.85995419508841	50.0
2.83353725074519	-1.56932089936878	50.0
0.95300280253572	0.132277156665509	-50.0
2.48459417484523	-0.259976470124724	-50.0
2.18725550311675	1.59886958698487	-50.0
0.3849122950573	-1.25309674767151	-50.0
3.08966506151368	0.529444395372252	50.0
0.647109246304443	0.49165887921479	-50.0
0.460255310872419	1.0734324842501	-50.0
3.14678243903628	-0.863381763617588	50.0
2.31137364835136	1.66374133405029	-50.0
1.4135996974674	0.268131250789501	-50.0
2.96720972066492	1.22556016395824	50.0
3.58562692208204	1.49719932650476	50.0
3.15690648086709	1.81200769417166	50.0
3.8063691344954	-0.819537324591018	50.0
3.49848764149983	-1.4041533347804	50.0
3.12572139841797	-1.70568728313708	50.0
0.100783356536455	-0.756388461809639	-50.0
1.00609690357307	-0.139173771538044	-50.0
1.13971999023518	-1.70047810025805	-50.0
3.29813076463413	1.53487765118488	50.0
0.435432139725835	1.0700892423577	-50.0
3.19666842997656	1.73768006580933	50.0
0.752948291863666	1.59742107966206	-50.0
3.53389256375669	0.808708187222339	50.0
1.83752399490877	-1.94743619823953	-50.0
0.283545925470059	-1.11781556571165	-50.0
1.93236511498201	-1.76284591687405	50.0
2.7824535879118	1.18299245565682	50.0
1.90623813950617	-0.397987966194955	50.0
2.39546488669648	0.428089539704299	-50.0
0.6439366041866	1.0449398039897	-50.0
3.14898016951173	-1.8014864856766	50.0
2.99656502180227	-0.448022529476615	50.0
1.70947920288036	-0.525202253297459	-50.0
1.32572359699292	-0.196335685978618	50.0
0.132747623791767	-0.406364303835987	-50.0
2.07964027901749	1.27076680014014	-50.0
1.05620674543448	-1.9188216659932	-50.0
1.17411882970888	-1.75839774411384	50.0
0.374603220468367	-1.59830818601172	-50.0
2.48357435912046	0.693330609492035	-50.0
1.2765718591857	1.64768588824668	50.0
0.142587364821925	-1.26345797399329	-50.0
3.18380610948567	1.37368717897762	50.0
3.22855688692889	1.28035526046568	50.0
3.88198172694192	-0.737612092087087	50.0
0.984145091961371	-0.0333858767816695	-50.0
2.81629556403295	-0.293423299644291	50.0
0.647940889525061	0.125531472912569	-50.0
3.6329492152395	-1.52709921057906	50.0
0.975447463843545	1.60640184409509	-50.0
0.203960586108335	0.774014751455108	-50.0
0.758928618025808	0.328385603179793	-50.0
3.42687240631908	1.2955619276475	50.0
1.54843671426517	0.472392971870827	-50.0
1.23942684945468	-0.0736358261212387	50.0
2.09202870745594	-1.32821821353905	-50.0
1.975235966008	1.3334276163428	50.0
2.65514935500027	-0.407985323597248	50.0
0.62082345079568	-0.391520168957544	-50.0
0.912900431374049	-0.712725707456857	-50.0
3.30741835253481	0.165036548736466	50.0
0.714791640810904	-1.43073009762337	-50.0
3.00685957230842	0.52794228213062	50.0
2.79167672407602	1.84448393795396	50.0
1.69187625095906	-1.03416320450139	-50.0
0.718881435981109	-1.41620885356239	-50.0
0.591403145018564	0.405865701167292	-50.0
3.8160354936941	-1.25927950455079	50.0
0.319967503244886	0.776427584361755	-50.0
0.541360919052879	-0.918991528799287	-50.0
0.157384543147675	-1.62179996713323	-50.0
1.57916659082616	1.50137303538354	-50.0
3.69300898745166	-1.22512123857248	50.0
2.03496396021424	-1.42784654632857	-50.0
1.40663587716725	0.324716791540409	-50.0
0.917982039753321	-0.532699116464903	-50.0
3.21647883347262	-1.80470352308946	50.0
3.85280700385294	1.26147606154062	50.0
1.2607156090576	0.293499685058369	50.0
1.98974632677898	-0.378854941056717	50.0
0.108897266507679	-0.683515188946734	-50.0
1.48973588419558	0.812047690609575	50.0
3.72467842488637	-0.975410995184758	50.0
2.34365324857588	1.02123540218723	-50.0
3.8175695890395	0.940878554922233	50.0
0.118713140023629	-0.872615437081193	-50.0
0.555650198160813	-1.43299379937736	-50.0
1.56747077582456	0.861880821092853	-50.0
2.31189867113975	1.61601699099279	-50.0
2.67269789060951	-0.249824575316718	50.0
3.90468457580357	-1.04021155455796	50.0
0.972730781735341	-0.316841626774355	-50.0
0.854904692789559	-1.41123723080334	-50.0
1.09072571457928	-0.831641723971789	-50.0
1.68625889080655	-1.15051203839176	-50.0
1.4071719511232	0.013356987133069	-50.0
3.64490980545127	1.65612330039883	50.0
1.7520956560967	-0.352301859109736	50.0
3.93435841934712	1.80460991864546	50.0
3.25599307183322	0.618690181310512	50.0
0.157389042186424	-0.447663258538811	-50.0
1.62246041244482	-1.61557202413678	50.0
3.93704344842975	-0.382175707115122	50.0
1.74929725932185	1.58356792657379	50.0
3.82919392570701	0.891626221859694	50.0
2.08075150712847	0.022527152752992	-50.0
3.38548594458396	-0.345674494082547	50.0
2.30014073463641	-0.964332917458608	50.0
0.288932548218352	-0.433395434737427	-50.0
2.4636042638639	1.42348424165707	-50.0
2.23872936938252	-0.98917646051373	50.0
2.5292520015053	0.00881469130368595	50.0
0.617680822975513	-1.1104878846329	-50.0
0.834268060183888	0.23183852268185	-50.0
3.01813057370174	0.632975954189777	50.0
2.83649992652766	0.17615185787833	50.0
2.25685516046173	-0.680358055014005	50.0
3.82044277198711	-1.50765602186755	50.0
2.67884744173756	1.4891793793278	50.0
2.9402493163417	1.70854297496416	50.0
1.89465292387222	-0.863380547629024	-50.0
1.94211047059028	1.50382287253107	50.0
2.96806360883508	-0.625093394144209	50.0
0.343479156582339	0.536586873474494	-50.0
3.70756702411306	1.05614126086956	50.0
3.5564965142654	0.80629580943609	50.0
0.500507998872509	-0.670494504200799	-50.0
2.27528328922636	-1.07095962542548	-50.0
2.21102332089276	-1.2730166285702	-50.0
2.78769410231444	1.19572266374605	50.0
0.679465803400101	0.740338362003145	-50.0
2.77254745028335	-0.304021129506508	50.0
1.25181503767864	-1.38172637707576	50.0
1.91648991927389	-0.772946864934661	-50.0
2.52777001756745	-1.73712024529261	50.0
0.156235238744898	1.60515698534922	-50.0
1.28737643305872	-0.208811626408504	50.0
1.60820179699102	-1.01883582713064	-50.0
3.61032631533303	0.815821628304716	50.0
0.603452933276576	0.93619653338766	-50.0
3.344265570844	-1.91317107461055	50.0
3.53357560048124	0.677248826633068	50.0
3.48985523578118	0.229578889156665	50.0
2.99794145280414	-1.18268979281886	50.0
3.78199257292198	-1.86629727155521	50.0
0.431045387132971	0.245737373297133	-50.0
0.208265489958035	0.341532635019203	-50.0
3.45825856668963	1.55967275775983	50.0
2.4097932696333	1.59005613541825	-50.0
2.94424641981746	0.736030437998071	50.0
3.0077311858161	1.12892282509002	50.0
3.22730806547789	0.604274136990655	50.0
2.2322155601565	0.0476447913058236	50.0
2.13713572478853	-1.94591509361657	-50.0
1.32231425253619	-0.472820382558391	-50.0
3.49744563478566	1.80712351195363	50.0
1.08465876922335	1.58388864471516	-50.0
1.53339526263615	-0.391583973675131	50.0
3.55635109235094	1.70675952286091	50.0
3.62096868944936	-1.23841122162494	50.0
0.661546689501436	1.40094714227446	-50.0
1.77610170470872	1.84927999826106	-50.0
3.33760677111406	-0.412494665873045	50.0
1.07490919483851	-0.203499924267926	-50.0
1.66410637922563	1.54060641340764	-50.0
1.07831666970245	-0.974080603422093	-50.0
2.79287126135178	-0.0745806069346184	50.0
0.504750195289791	-0.0699511531095856	-50.0
3.38651197699421	-0.158531879405695	50.0
3.81962081172358	-0.968955442830424	50.0
3.81638551428722	0.0498712693326246	50.0
3.55316566677751	1.07509359339257	50.0
3.28200525702392	-0.294550307229746	50.0
2.65609023910606	1.21446357216934	50.0
3.21763815155635	-1.901383810419	50.0
0.488319121654803	1.41671614041877	-50.0
0.297673037794951	-1.91414133106562	-50.0
0.799384785636311	-1.67126600662077	-50.0
2.82832065639615	-1.22169356977767	-50.0
3.19102374921979	0.0481164909825675	50.0
2.97478423154742	0.193779253973102	50.0
0.133715456047023	-0.782101931726368	-50.0
0.578564485942357	0.477996797970633	-50.0
2.42631358100831	0.714425449527614	50.0
0.339486375040197	1.65851069908714	-50.0
2.57427015192007	1.1414798689142	50.0
2.23370653912737	-0.469491499636006	50.0
3.36857805524061	1.82787641434586	50.0
0.400177023527013	0.661641386330766	-50.0
1.76362660638937	0.472048078456309	50.0
2.35718489129579	-1.38816362410481	-50.0
2.91521467253709	-0.472267163757126	-50.0
1.35190210724219	-1.8796391542656	50.0
2.40656169203193	-0.645194673615835	-50.0
1.04563673701925	1.39461889031003	-50.0
2.91572017571006	-0.466796740520456	-50.0
1.8807705902628	-1.45283771826311	-50.0
2.45023806068445	0.457958750019342	-50.0
2.15973933809363	1.73502727319908	-50.0
2.01139588918818	0.937022060643438	-50.0
2.96781615290799	1.94588109071341	50.0
1.97304620766154	-0.387655345477111	50.0
0.534171444677131	-1.74009800594408	-50.0
1.47596918779933	0.507711466332536	50.0
2.19226020338375	-1.65147701059722	-50.0
3.74397672256656	-1.91388263990914	50.0
2.54982889176232	1.69551139251827	50.0
2.06801581140471	1.05562262945461	-50.0
2.21096915322117	-1.03591863251927	-50.0
1.51484549521899	-0.383529597950326	50.0
3.06281825070795	-1.13977067202167	50.0
1.09581693992989	1.60399778223844	-50.0
2.66824812060013	1.04318337399329	50.0
0.652577162908967	0.0758650715389095	-50.0
0.989045878749813	-0.497178728899678	-50.0
3.70043466876441	0.382598398081024	50.0
0.714574394417896	-0.190640666704244	-50.0
1.32896051313791	-0.588094595041957	50.0
3.07143353950542	0.728363396108908	50.0
0.953597081893708	1.85146014866505	-50.0
0.880620599079736	-0.245977283504294	-50.0
1.88107172403438	-1.68512613691202	-50.0
3.82053721905266	1.28762829689497	50.0
1.12947301840472	1.60558376555112	-50.0
2.66756255280818	-1.30538934367716	50.0
3.12069961214013	-1.26247336968908	50.0
1.62238093173529	-0.329677658246431	50.0
0.92526152289785	0.170210424804913	-50.0
1.47932604053438	-1.6890066529389	50.0
0.25478157157106	-0.956259900384615	-50.0
2.885874240495	1.34667738170418	50.0
3.08432174963883	1.20805194886659	50.0
3.74684662591306	-1.01082816643497	50.0
0.415983625668779	-1.09115367843172	-50.0
3.86112195305449	1.60466567203066	50.0
2.53173830061752	1.91997500036407	50.0
2.36203551436319	-0.41452135346988	-50.0
1.38273802401655	0.692633746343525	-50.0
2.70319757808885	-0.502704348589085	50.0
1.84605649529046	0.752511173165287	-50.0
1.43781318307771	-1.38534353200674	-50.0
1.50083295328745	1.12331570356636	50.0
3.74378388892958	-1.63238747036966	50.0
3.56402335874731	1.17825679120767	50.0
2.95167368948214	-0.843993584244521	50.0
2.7628378901108	-1.57241809102555	-50.0
3.87832070171734	1.5583692820468	50.0
3.35582338916581	0.581871602057719	50.0
2.73244487920418	-0.149270907217092	-50.0
3.30007177335503	0.46829555545678	50.0
3.49777126791045	-1.70473870546946	50.0
2.63058594639196	1.8151316582896	-50.0
0.424899289793979	-1.31666346339514	-50.0
2.60707532091591	-1.01061021627962	50.0
3.00198015279537	-0.847292627025767	50.0
1.67710511225467	-0.0878447523611954	-50.0
0.167094780236041	0.747132154652431	-50.0
2.29701689362419	1.67891498022716	50.0
1.28235408925318	-1.82633435336209	50.0
2.2088380653979	0.0813248002828677	-50.0
3.12923418290046	0.647415301894433	50.0
3.89725990731937	0.747301449161273	50.0
2.21768996065513	0.50369889768177	-50.0
3.83585981392155	-1.46180192124569	50.0
1.32962975055053	-0.535426336175519	50.0
2.86085890114027	1.16247455361357	50.0
1.04700983247251	-0.957684301689771	-50.0
3.84616022363276	1.835767088371	50.0
0.543198161800396	1.8469959451321	-50.0
3.24501196736262	0.424368405892469	50.0
1.186439507616	0.902253456787336	-50.0
0.222723629193902	0.965420014773301	-50.0
3.72517105279714	0.0957717401444611	50.0
2.65911232590073	0.269651795121082	50.0
3.4471436462306	-0.793032290424245	50.0
0.141167654026098	-0.285442238372308	-50.0
1.00061448402592	-0.205169590001216	-50.0
2.15369463166442	0.352446915503412	-50.0
2.80159990441006	-1.8769166202363	50.0
0.497393168117413	0.550246320265156	-50.0
3.44723083484702	-1.04788040769498	50.0
1.7596754551496	1.90162252333694	50.0
0.781155434655916	0.842066102964282	-50.0
0.216467113559303	-1.33725969966486	-50.0
2.63412607770105	0.41951097121797	-50.0
2.63776110252305	-0.196266605743151	-50.0
0.859212959695148	-1.14161521975964	-50.0
1.44120787546605	0.79663803273506	-50.0
0.488224434420547	0.289606904532732	-50.0
3.3154035206281	-1.72509838673165	50.0
0.36126728263889	-1.50146392816954	-50.0
0.261429526571477	-0.834156956274055	-50.0
0.993518785347649	1.62787206224217	-50.0
1.54235868522467	0.48537742809121	50.0
1.98888929058409	0.827767691443422	50.0
3.76703927833203	-1.20485435986042	50.0
2.36815080631494	0.956558552429802	50.0
1.33085667270899	0.898564378730161	50.0
2.5286579511237	1.56224218933952	50.0
1.69896834850582	-0.832818904902836	-50.0
3.73055124466453	-0.673909167680725	50.0
3.93928518320743	1.84209219524919	50.0
3.01492780563535	-1.3408900757537	50.0
3.22760848711019	1.8651016321498	50.0
1.64307783849165	-1.51923528968895	-50.0
2.22017242891021	0.536403411562754	-50.0
3.14557354431238	-1.7222808158065	50.0
1.51788975059266	1.49951806373972	50.0
2.76053792538566	0.269313575597831	50.0
3.71685493630478	-0.755936163894628	50.0
3.17678646942667	-0.420808549607107	50.0
3.73854040851163	-0.944205145674381	50.0
2.28917106561643	1.4580303007003	50.0
2.72243288049568	-0.977324914849114	-50.0
2.36634495518791	-0.48863336018523	-50.0
3.91674108496212	0.829827017006277	50.0
0.325458118183953	-0.202932198546536	-50.0
2.9861320560868	-1.57722804420665	50.0
1.20956086952569	-0.184433175122172	-50.0
3.47331041085748	1.33187682775294	50.0
2.3174233488327	1.09500321374222	-50.0
2.49866163967805	-0.613589741523836	-50.0
0.315423551110556	1.04938051464045	-50.0
1.55575782776815	-1.55364133358356	-50.0
2.47426858272002	-0.984600572419106	-50.0
3.88139260503449	1.60217837619322	50.0
1.87962631934418	-1.57259861933631	-50.0
3.21536211971825	0.0563379854711352	50.0
3.20630051058903	-1.84808014787719	50.0
2.62311216404755	-0.586873581196282	50.0
3.55236250002771	1.36996726844411	50.0
0.663919881139473	-0.968088528942867	-50.0
3.12465636328124	-0.178699093483746	50.0
3.10677764263591	1.16251104113239	50.0
1.17083649539974	1.41915034794454	-50.0
3.94772490158187	1.18438265787111	50.0
0.673224432759547	0.21864454178609	-50.0
1.21365108434052	1.47324756906601	-50.0
3.03644524170101	0.988217418755103	50.0
3.75479554866355	0.273999764586301	50.0
0.495800802159985	0.374587293764836	-50.0
3.70028047161558	1.80783584851055	50.0
2.62311377565425	1.37580072187102	50.0
2.13480400743425	-1.39798280639293	-50.0
3.02637201711296	0.780466439211826	50.0
1.18176873825916	-0.196297493577223	-50.0
3.35176246561161	-0.576002012084029	50.0
3.80328322831805	-1.27712844944452	50.0
1.5986178671369	1.20048373003282	50.0
1.28518896434596	-1.64133703547018	50.0
3.32439916745985	0.596716400248917	50.0
3.75206163071857	-1.10381157436015	50.0
2.39472711172033	-1.64161692678	-50.0
3.30055620683053	0.929293891164434	50.0
1.48946336077224	-1.31512949806227	50.0
3.4066568535625	-1.827749514871	50.0
1.98628323570148	-1.10385757366006	50.0
1.11290909380178	-1.73979952126046	-50.0
0.160061621742385	0.993623480131088	-50.0
2.49883686027757	0.130060052301006	-50.0
3.2721194908844	-0.945316537297222	50.0
3.17095695624342	0.772457157198639	50.0
0.140216258119795	1.75753552928812	-50.0
1.63810840061824	-1.79450586738007	50.0
1.71113555372918	-0.53539220444254	-50.0
2.67312999280582	0.150740741323652	50.0
3.60312517951449	1.25854412585486	50.0
0.718173887408408	-0.766263454085424	-50.0
0.70766219730095	-0.549642805572127	-50.0
0.328377422851738	1.0054879397553	-50.0
3.93733066563356	0.77893434306003	50.0
1.30928088795303	-0.620305009085222	50.0
3.29284765001817	-1.17748155890573	50.0
1.1528558941793	-0.441992411495006	-50.0
2.40875053474223	-0.866876561088118	-50.0
0.110773407448337	1.17568613012997	-50.0
0.128884893475029	-1.1671681525056	-50.0
2.15307695612252	-1.14335165913158	-50.0
3.80760146397352	0.0233656265127575	50.0
0.30414377153993	1.7354223485897	-50.0
1.2756834429204	-0.0423868414275335	50.0
2.27234590501519	1.56609579882822	-50.0
2.80407933659758	0.430163116963291	50.0
0.215937525266404	0.215935748198831	-50.0
2.15535610530012	1.12038455233722	-50.0
0.833119356856388	0.0116052738079431	-50.0
3.02014288678736	-1.73949667169519	50.0
1.19293925923078	-0.206727736272898	-50.0
2.76755737526038	-1.52015350762885	-50.0
3.75236196576929	-1.48829245025342	50.0
1.60789549637644	-0.598383715999297	-50.0
1.21531902770274	0.445100593358458	-50.0
3.0346686487026	-0.939565810946353	50.0
1.64614459390914	1.60936075400232	-50.0
0.314974189649893	1.65057440920008	-50.0
0.300653791628194	1.01701929153801	-50.0
2.15146990390039	-1.90901314366066	-50.0
3.57068361899393	-1.69523695056083	50.0
1.28037590991038	1.58460024121077	50.0
0.253602591770485	0.725776913568818	-50.0
1.13416028077379	-1.26297180481057	-50.0
2.83618141905254	-0.428655582114066	50.0
1.6166080555276	0.192679567390313	-50.0
1.994068376142	0.302847534907364	50.0
1.94797713828429	-1.45264022359337	50.0
3.24005457340827	-1.82912302221209	50.0
1.01413396020246	-0.977956558228484	-50.0
3.55395123510075	-0.00293720654019336	50.0
1.45826679195317	1.63317040173411	50.0
1.99532616133573	0.00385714051722519	50.0
1.98092980402161	0.707445947643243	50.0
0.981797248790749	0.351938713771589	-50.0
2.13923821726285	0.190577890477961	-50.0
2.07975894681349	0.470818949784485	-50.0
2.77490400026662	1.47967631011729	50.0
1.66102824566499	0.416869746681622	-50.0
1.03575373850953	0.0195599244286366	-50.0
3.39734179059913	-1.72630922866695	50.0
2.75067453607416	-0.983473650922725	-50.0
0.582992244961138	-1.55718595495897	-50.0
2.29873922880826	0.822441439994485	50.0
2.26589328756987	-1.59933102759419	-50.0
1.02945908729053	0.528307458432889	-50.0
3.75218812552483	0.795300065183912	50.0
1.6578933903993	-1.35697537180544	-50.0
0.687441318770192	0.606861211287394	-50.0
0.235786212050986	-0.426996430187293	-50.0
2.73667503132219	1.76682023546619	-50.0
1.72297895587646	-0.979337893295342	50.0
3.52490688460406	-1.11405280998914	50.0
2.49210934066397	-0.520083108306563	-50.0
3.69249204216976	1.08828401955085	50.0
2.10436920433838	1.23579580116927	-50.0
2.61314648588145	1.62757862488	50.0
3.51017994324076	-0.318086137537258	50.0
3.44191161665924	-1.52634912207918	50.0
0.149242517220899	0.795855481064036	-50.0
0.469612648307758	1.49519308702808	-50.0
3.09159191729625	0.717615494181846	50.0
1.72215432635529	1.76858483741724	50.0
1.97739977518591	1.12474065761934	50.0
1.9443773270946	-0.337406672546962	50.0
0.58145704748933	-0.365601251623954	-50.0
2.47898574827819	0.39136164661222	-50.0
3.61533938427451	1.18986646211956	50.0
1.37582354461673	0.336623472555798	-50.0
2.6751999132256	-1.66043824108847	50.0
2.35283219017155	-0.0487216848457017	-50.0
0.962068646969297	1.6079016153528	-50.0
0.200926606734754	-0.380343457857038	-50.0
3.58466973907032	-1.3610512720805	50.0
1.38271195964083	-0.23970751584859	-50.0
0.19388381929721	-1.14712361469943	-50.0
3.87245105454913	-1.51349990719077	50.0
2.19370030994324	0.228636073382728	-50.0
2.27634110521082	1.57818740059695	-50.0
1.5048365671735	1.66346307996618	50.0
1.70619283567259	1.00102309126046	-50.0
3.90366717721068	-0.267052537306159	50.0
2.40063808031154	-1.43725656866211	-50.0
3.86004079012324	1.63578621783036	50.0
0.151041264102722	0.489539347945196	-50.0
3.79392430030179	1.55120475481556	50.0
3.10382805472036	-0.283955337279272	50.0
2.85035274770486	-1.65683169286657	50.0
2.40236999145136	0.514437098466933	-50.0
1.5706648407106	-0.00622672029474414	-50.0
1.63582327014596	-1.94512188181497	50.0
2.96249870213359	-0.502972277444097	50.0
2.76385583165123	-1.35132856849656	-50.0
0.523038681116335	-1.74885225621352	-50.0
2.14229880272353	-1.38015239419587	50.0
1.4969258576964	1.35702668321874	50.0
0.62163292883093	-1.14633060295577	-50.0
0.921538755565797	-0.988350114052387	-50.0
2.28721380626687	1.34863201845747	50.0
2.24250808965109	-0.988436548844257	50.0
0.882569749763178	0.343002410770074	-50.0
2.16813217010698	-1.40527138183493	-50.0
0.277696174412745	-0.0641905567715602	-50.0
2.72570506859012	-1.66682818062064	-50.0
3.76651916488186	-0.859811398748522	50.0
2.78557895181724	-1.40651954430443	50.0
3.70127718351096	0.876860195408374	50.0
2.97900000898718	-0.348432593928352	50.0
1.14762084703329	-0.857912610438461	-50.0
3.30694153953251	-1.14433216016123	50.0
1.58483208827403	1.71685501960049	-50.0
3.89264760027495	-0.505537204566457	50.0
0.130069931094494	-1.43981742864202	-50.0
2.47329341430276	-0.805053901768891	-50.0
3.22340222550276	-1.19064225713853	50.0
2.7683887662828	0.826557482932181	-50.0
2.71789735719828	0.56891554142561	-50.0
3.50100896676894	-1.75907567378951	50.0
0.210230772083599	-1.87691984569432	-50.0
1.72084567585864	1.11001860459417	50.0
3.75977867874075	-0.210281292064448	50.0
0.478890692039315	1.73248935305086	-50.0
3.51186928762085	-0.152111822307029	50.0
1.97293673691387	0.639704772034343	50.0
3.61124210448433	0.0291523508454814	50.0
